1.1
2.2
3.3000000000000003
4.4
5.5
6.6000000000000005
7.700000000000001
8.8
9.9
11.0
12.100000000000001
13.200000000000001
14.3
15.400000000000002
16.5
17.6
18.700000000000003
19.8
20.900000000000002
22.0
23.1
24.200000000000003
25.3
26.400000000000002
27.500000000000004
28.6
29.700000000000003
30.800000000000004
31.900000000000002
33.0
34.1
35.2
36.300000000000004
37.400000000000006
38.5
39.6
40.7
41.800000000000004
42.900000000000006
44.0
45.1
46.2
47.300000000000004
48.400000000000006
49.50000000000001
50.6
51.7
52.800000000000004
53.900000000000006
55.00000000000001
56.1
57.2
58.300000000000004
59.400000000000006
60.50000000000001
61.60000000000001
62.7
63.800000000000004
64.9
66.0
67.10000000000001
68.2
69.30000000000001
70.4
71.5
72.60000000000001
73.7
74.80000000000001
75.9
77.0
78.10000000000001
79.2
80.30000000000001
81.4
82.5
83.60000000000001
84.7
85.80000000000001
86.9
88.0
89.10000000000001
90.2
91.30000000000001
92.4
93.50000000000001
94.60000000000001
95.7
96.80000000000001
97.9
99.00000000000001
100.10000000000001
101.2
102.30000000000001
103.4
104.50000000000001
105.60000000000001
106.7
107.80000000000001
108.9
110.00000000000001
